1.819565820312500000e+04
1.661882031250000000e+04
1.513265234375000000e+04
1.374134960937500000e+04
1.245287890625000000e+04
1.125478613281250000e+04
1.014089843750000000e+04
9.098046875000000000e+03
8.135197265625000000e+03
7.257501953125000000e+03
6.464788574218750000e+03
5.754837402343750000e+03
5.121728027343750000e+03
4.564112304687500000e+03
4.087450683593750000e+03
3.681325195312500000e+03
3.349434082031250000e+03
3.094158203125000000e+03
2.911164550781250000e+03
2.763803710937500000e+03
2.660186523437500000e+03
2.604361816406250000e+03
2.551653320312500000e+03
2.512643066406250000e+03
2.480002929687500000e+03
2.444805664062500000e+03
2.403274658203125000e+03
2.347811279296875000e+03
2.282708984375000000e+03
2.208966552734375000e+03
2.128522949218750000e+03
2.047742797851562500e+03
1.967799560546875000e+03
1.893738769531250000e+03
1.824896972656250000e+03
1.763544433593750000e+03
1.708947265625000000e+03
1.662012207031250000e+03
1.621425170898437500e+03
1.587143798828125000e+03
1.559411376953125000e+03
1.537852661132812500e+03
1.528410888671875000e+03
1.514768920898437500e+03
1.502481689453125000e+03
1.495381958007812500e+03
1.476647460937500000e+03
1.457968017578125000e+03
1.438712402343750000e+03
1.420282958984375000e+03
1.402711181640625000e+03
1.386645263671875000e+03
1.373278564453125000e+03
1.362163452148437500e+03
1.352693847656250000e+03
1.344873901367187500e+03
1.339188842773437500e+03
1.334733276367187500e+03
1.331421875000000000e+03
1.328833496093750000e+03
1.325952026367187500e+03
1.322994506835937500e+03
1.319738037109375000e+03
1.316707031250000000e+03
1.313061035156250000e+03
1.308672241210937500e+03
1.303715576171875000e+03
1.298035156250000000e+03
1.292225585937500000e+03
1.285937500000000000e+03
1.280162597656250000e+03
1.273767089843750000e+03
1.267931640625000000e+03
1.262057739257812500e+03
1.257162841796875000e+03
1.252394531250000000e+03
1.248152343750000000e+03
1.244757812500000000e+03
1.241824218750000000e+03
1.238751464843750000e+03
1.236671752929687500e+03
1.234602783203125000e+03
1.232486572265625000e+03
1.230518798828125000e+03
1.228686279296875000e+03
1.226655639648437500e+03
1.224852783203125000e+03
1.222903320312500000e+03
1.220764282226562500e+03
1.219482910156250000e+03
1.217267700195312500e+03
1.216251708984375000e+03
1.214767822265625000e+03
1.213726806640625000e+03
1.212714355468750000e+03
1.211903320312500000e+03
1.211101074218750000e+03
1.210047363281250000e+03
1.209041259765625000e+03
1.207527954101562500e+03
