5.883677601814270020e-01
5.581774115562438965e-01
5.292432308197021484e-01
5.015686750411987305e-01
4.751657545566558838e-01
4.500325322151184082e-01
4.261608421802520752e-01
4.035317897796630859e-01
3.821087479591369629e-01
3.618410229682922363e-01
3.426715433597564697e-01
3.245366811752319336e-01
3.073624372482299805e-01
2.910615205764770508e-01
2.755448222160339355e-01
2.607255578041076660e-01
2.465310990810394287e-01
2.328897118568420410e-01
2.197442650794982910e-01
2.070503085851669312e-01
1.947846710681915283e-01
1.829306483268737793e-01
1.714844554662704468e-01
1.604499369859695435e-01
1.498396396636962891e-01
1.396658569574356079e-01
1.299463212490081787e-01
1.206931173801422119e-01
1.119126379489898682e-01
1.036145985126495361e-01
9.579914063215255737e-02
8.845907449722290039e-02
8.158470690250396729e-02
7.516293972730636597e-02
6.917533278465270996e-02
6.359832733869552612e-02
5.840787664055824280e-02
5.357815697789192200e-02
4.908544570207595825e-02
4.490429535508155823e-02
4.101341590285301208e-02
3.739231079816818237e-02
3.402297943830490112e-02
3.089009784162044525e-02
2.798055298626422882e-02
2.528280764818191528e-02
2.278746478259563446e-02
2.048516459763050079e-02
1.836791075766086578e-02
1.642824709415435791e-02
1.465730089694261551e-02
1.304654590785503387e-02
1.158686727285385132e-02
1.026851218193769455e-02
9.081478230655193329e-03
8.015368133783340454e-03
7.059723138809204102e-03
6.204245612025260925e-03
5.439447239041328430e-03
4.756103269755840302e-03
4.145792685449123383e-03
3.601116593927145004e-03
3.115615108981728554e-03
2.683540340512990952e-03
2.299936953932046890e-03
1.960500609129667282e-03
1.661418005824089050e-03
1.399225089699029922e-03
1.170789590105414391e-03
9.731545578688383102e-04
8.034607162699103355e-04
6.589459953829646111e-04
5.368689307942986488e-04
4.345832276158034801e-04
3.495480341371148825e-04
2.793653111439198256e-04
2.217849832959473133e-04
1.748281792970374227e-04
1.367417135043069720e-04
1.060328359017148614e-04
8.141643775161355734e-05
6.187278631841763854e-05
4.657301178667694330e-05
3.482524698483757675e-05
2.608115573821123689e-05
1.989659540413413197e-05
1.584133678989019245e-05
1.265804439753992483e-05
9.985245014831889421e-06
7.836280019546393305e-06
6.176930583023931831e-06
4.945500677422387525e-06
4.059604634676361457e-06
3.426432385822408833e-06
2.961501877507544123e-06
2.596297235868405551e-06
2.265439889015397057e-06
1.942967401191708632e-06
1.613413246559503023e-06
1.284702420889516361e-06
